0 0.384249 0.655812 0.058241 0.045469
0 0.439980 0.653060 0.056974 0.041794
0 0.497263 0.652140 0.058812 0.045475
0 0.551478 0.649153 0.055747 0.045926
0 0.324085 0.659537 0.055895 0.044760
0 0.267525 0.710240 0.057584 0.044091
0 0.327869 0.709780 0.058194 0.047767
0 0.386372 0.706334 0.058812 0.042714
0 0.443350 0.704727 0.057584 0.045012
0 0.500324 0.701052 0.053909 0.043171
0 0.660833 0.695771 0.052690 0.039959
0 0.554848 0.699903 0.055137 0.045469
0 0.610293 0.701281 0.053299 0.042714
0 0.605387 0.646858 0.052072 0.041336
